jails: 
  1: 
    world: jail
    x: -1191.023187413095
    y: 77.0
    z: -1682.4825194664347
    yaw: 356.175
    pitch: 14.262763
