spawns: 
  default: 
    world: NewSpawn
    x: -25.386710658720645
    y: 150.0
    z: -1742.5681358475358
    yaw: -135.7493
    pitch: -0.7502552
