world: NewSpawn
x: 29.93768155954525
y: 144.0
z: -1759.8096909742333
yaw: -43.05121
pitch: -1.050088
name: crate
lastowner: 68ec9535-bd3c-3c1a-91ba-4cd61d3b363e
