world: Koth2
x: -699.4731944019505
y: 15.5
z: 537.6218335380795
yaw: 179.08215
pitch: 5.4226646
name: diaban2
lastowner: b3702d25-b0e1-3f2b-bee0-71ef27ae5903
