world: Nether1
x: -1566.9272739750602
y: 38.0
z: 255.0137801085329
yaw: -132.27164
pitch: -8.973079
name: dianguc
lastowner: 0f89a91d-e43e-3217-bb68-e2e6735bf5ec
