world: world
x: -513.5
y: 75.0
z: 322.5
yaw: -49.595383
pitch: -7.780206
name: dugeon
lastowner: b3702d25-b0e1-3f2b-bee0-71ef27ae5903
