world: world
x: -1208.4945176090778
y: 164.0
z: 620.2378974186971
yaw: 179.41287
pitch: 6.0777245
name: dungeon
lastowner: b3702d25-b0e1-3f2b-bee0-71ef27ae5903
