world: dugeon1
x: -221.5
y: 30.0
z: 1084.5
yaw: 30.179321
pitch: -0.15179166
name: dungeon1
lastowner: 0f89a91d-e43e-3217-bb68-e2e6735bf5ec
