world: Dugeon3
x: 1182.979265354102
y: 67.0
z: -273.9659804761317
yaw: 159.21513
pitch: -7.867963
name: dungeon3
lastowner: 8505e0c3-22c1-3721-b0b5-f9b3ede65043
