world: dugeon2
x: -1359.5
y: 55.0
z: -3229.5
yaw: 312.54053
pitch: 9.953586
name: dungeon2
lastowner: 0f89a91d-e43e-3217-bb68-e2e6735bf5ec
