world: NewSpawn
x: -18.912209987354178
y: 144.0
z: -1808.3156776409232
yaw: 134.24884
pitch: -0.15008517
name: enchants
lastowner: 68ec9535-bd3c-3c1a-91ba-4cd61d3b363e
