world: Mapgiangsinh
x: -974.3088497114101
y: 73.0625
z: -641.4583181592049
yaw: 176.24995
pitch: 3.5999687
name: events
lastowner: 68ec9535-bd3c-3c1a-91ba-4cd61d3b363e
