world: mobarea
x: -762.9244956449563
y: 73.0
z: 652.699881611712
yaw: -177.33566
pitch: 36.08336
name: farmmob
lastowner: 0f89a91d-e43e-3217-bb68-e2e6735bf5ec
