world: huongdan
x: -952.9389960454993
y: 52.9375
z: 1020.6240983747384
yaw: -0.87384033
pitch: 2.0685856
name: huongdan
lastowner: 8505e0c3-22c1-3721-b0b5-f9b3ede65043
