world: khuminezuize
x: 165.52686720198912
y: 81.0
z: 1472.5170816751342
yaw: -0.11718096
pitch: 2.5692792
name: mine
lastowner: b3702d25-b0e1-3f2b-bee0-71ef27ae5903
