world: NhiemVu
x: -993.5882991405967
y: 59.0
z: -606.7050130871727
yaw: -177.5998
pitch: -1.0500004
name: nhiemvu
lastowner: 68ec9535-bd3c-3c1a-91ba-4cd61d3b363e
