world: Mapgiangsinh
x: -974.5370704210906
y: 73.0625
z: -641.8998623230091
yaw: 168.44995
pitch: 1.9500093
name: noel
lastowner: 68ec9535-bd3c-3c1a-91ba-4cd61d3b363e
