world: NewSpawn
x: -4.6021829181448695
y: 144.0
z: -1763.5086298951378
yaw: 224.84943
pitch: 2.8499024
name: pvp
lastowner: 68ec9535-bd3c-3c1a-91ba-4cd61d3b363e
