world: Koth2
x: -699.178386113483
y: 15.5
z: 537.7506845487017
yaw: -183.10583
pitch: -2.4689128
name: pvp2
lastowner: 8505e0c3-22c1-3721-b0b5-f9b3ede65043
