world: Dungeonquymao
x: 456.450922144556
y: 65.0
z: 517.5711330702214
yaw: -0.3859494
pitch: 3.5816233
name: quymao
lastowner: b3702d25-b0e1-3f2b-bee0-71ef27ae5903
