world: Rungxanh
x: -1076.7114445460304
y: 64.0
z: -893.7221331779556
yaw: 269.11987
pitch: -0.49050304
name: rungxanh
lastowner: 0f89a91d-e43e-3217-bb68-e2e6735bf5ec
