world: NewSpawn
x: 52.16772992329316
y: 144.0
z: -1737.06235911417
yaw: 315.59802
pitch: 0.5998821
name: scrolls
lastowner: 68ec9535-bd3c-3c1a-91ba-4cd61d3b363e
