world: NewSpawn
x: -25.330073188138535
y: 150.0
z: -1742.555119782002
yaw: 224.9986
pitch: -0.15008274
name: spawn
lastowner: 68ec9535-bd3c-3c1a-91ba-4cd61d3b363e
