world: DungeonTheEnd
x: 2127.367545080444
y: 83.0
z: 1613.275102618918
yaw: 133.59323
pitch: -4.4704957
name: theend
lastowner: 8505e0c3-22c1-3721-b0b5-f9b3ede65043
