world: world
x: -1208.5026372018037
y: 164.0
z: 619.7819197548248
yaw: -179.41675
pitch: -0.08607875
name: trade
lastowner: b3702d25-b0e1-3f2b-bee0-71ef27ae5903
